date,open,high,low,close,volume
2024-09-03 13:30:00,1.149999976158142,1.2799999713897705,1.149999976158142,1.149999976158142,435100.0
2024-09-04 13:30:00,1.1699999570846558,1.2000000476837158,1.1200000047683716,1.190000057220459,415000.0
2024-09-05 13:30:00,1.149999976158142,1.2000000476837158,1.1100000143051147,1.1799999475479126,171400.0
2024-09-06 13:30:00,1.190000057220459,1.190000057220459,1.059999942779541,1.0800000429153442,241400.0
2024-09-09 13:30:00,1.0800000429153442,1.1100000143051147,1.0,1.0399999618530273,245300.0
2024-09-10 13:30:00,1.0399999618530273,1.059999942779541,0.9890000224113464,1.0,311300.0
2024-09-11 13:30:00,0.9819999933242798,1.0800000429153442,0.9800000190734863,1.065000057220459,122500.0
2024-09-12 13:30:00,1.0700000524520874,1.090000033378601,1.0399999618530273,1.0800000429153442,192200.0
2024-09-13 13:30:00,1.0700000524520874,1.1100000143051147,1.0299999713897705,1.0800000429153442,159300.0
2024-09-16 13:30:00,1.090000033378601,1.1100000143051147,1.0499999523162842,1.059999942779541,161400.0
2024-09-17 13:30:00,1.0399999618530273,1.1299999952316284,1.0399999618530273,1.1150000095367432,228800.0
2024-09-18 13:30:00,1.149999976158142,1.4900000095367432,1.1200000047683716,1.350000023841858,2014000.0
2024-09-19 13:30:00,1.4700000286102295,1.4700000286102295,1.0700000524520874,1.1699999570846558,836400.0
2024-09-20 13:30:00,1.1200000047683716,1.2300000190734863,1.100000023841858,1.1299999952316284,296200.0
2024-09-23 13:30:00,1.1100000143051147,1.1399999856948853,1.100000023841858,1.1299999952316284,103200.0
2024-09-24 13:30:00,1.149999976158142,1.1799999475479126,1.1260000467300415,1.159999966621399,75400.0
2024-09-25 13:30:00,1.149999976158142,1.1699999570846558,1.1200000047683716,1.1399999856948853,63000.0
2024-09-26 13:30:00,1.1699999570846558,1.1699999570846558,1.1100000143051147,1.1200000047683716,61900.0
2024-09-27 13:30:00,1.1200000047683716,1.1399999856948853,1.0800000429153442,1.100000023841858,100600.0
2024-09-30 13:30:00,1.1200000047683716,1.1200000047683716,1.059999942779541,1.090000033378601,100500.0
2024-10-01 13:30:00,1.059999942779541,1.1299999952316284,1.059999942779541,1.100000023841858,48900.0
2024-10-02 13:30:00,1.090000033378601,1.100000023841858,1.059999942779541,1.0700000524520874,63000.0
2024-10-03 13:30:00,1.0700000524520874,1.1299999952316284,1.0700000524520874,1.100000023841858,61200.0
2024-10-04 13:30:00,1.090000033378601,1.1239999532699585,1.059999942779541,1.090000033378601,109000.0
2024-10-07 13:30:00,1.0800000429153442,1.1100000143051147,0.9929999709129333,1.059999942779541,181700.0
2024-10-08 13:30:00,1.0800000429153442,1.090000033378601,1.0399999618530273,1.090000033378601,46700.0
2024-10-09 13:30:00,1.0700000524520874,1.090000033378601,1.0479999780654907,1.0499999523162842,50300.0
2024-10-10 13:30:00,1.0299999713897705,1.0809999704360962,1.0299999713897705,1.059999942779541,26600.0
2024-10-11 13:30:00,1.062000036239624,1.25,1.0199999809265137,1.1100000143051147,241100.0
2024-10-14 13:30:00,1.0800000429153442,1.1399999856948853,1.0499999523162842,1.100000023841858,140800.0
2024-10-15 13:30:00,1.0850000381469727,1.100000023841858,1.059999942779541,1.0700000524520874,68500.0
2024-10-16 13:30:00,1.090000033378601,1.100000023841858,1.059999942779541,1.100000023841858,46000.0
2024-10-17 13:30:00,1.100000023841858,1.100000023841858,1.0700000524520874,1.0700000524520874,51100.0
2024-10-18 13:30:00,1.0700000524520874,1.090000033378601,1.0499999523162842,1.059999942779541,42700.0
2024-10-21 13:30:00,1.100000023841858,1.1299999952316284,1.0499999523162842,1.100000023841858,111100.0
2024-10-22 13:30:00,1.1100000143051147,1.125,1.0800000429153442,1.100000023841858,49000.0
2024-10-23 13:30:00,1.059999942779541,1.1299999952316284,1.059999942779541,1.0800000429153442,32500.0
2024-10-24 13:30:00,1.059999942779541,1.1200000047683716,1.059999942779541,1.090000033378601,28800.0
2024-10-25 13:30:00,1.0700000524520874,1.1139999628067017,1.0700000524520874,1.100000023841858,35400.0
2024-10-28 13:30:00,1.100000023841858,1.2000000476837158,1.090000033378601,1.159999966621399,197300.0
2024-10-29 13:30:00,1.1299999952316284,1.2699999809265137,1.1100000143051147,1.2100000381469727,388500.0
2024-10-30 13:30:00,1.1799999475479126,1.2400000095367432,1.1799999475479126,1.2100000381469727,69100.0
2024-10-31 13:30:00,1.2400000095367432,1.2400000095367432,1.1399999856948853,1.1799999475479126,72800.0
2024-11-01 13:30:00,1.159999966621399,1.1799999475479126,1.1200000047683716,1.149999976158142,25900.0
2024-11-04 14:30:00,1.159999966621399,1.159999966621399,1.100000023841858,1.1299999952316284,99700.0
2024-11-05 14:30:00,1.1399999856948853,1.149999976158142,1.100000023841858,1.1399999856948853,35200.0
2024-11-06 14:30:00,1.1100000143051147,1.1399999856948853,1.059999942779541,1.1200000047683716,155500.0
2024-11-07 14:30:00,1.090000033378601,1.2740000486373901,1.090000033378601,1.2400000095367432,95000.0
2024-11-08 14:30:00,1.2400000095367432,1.2899999618530273,1.1480000019073486,1.25,144600.0
2024-11-11 14:30:00,1.2799999713897705,1.2799999713897705,1.2000000476837158,1.2400000095367432,74700.0
2024-11-12 14:30:00,1.190000057220459,1.2300000190734863,1.1399999856948853,1.1399999856948853,115200.0
2024-11-13 14:30:00,1.1200000047683716,1.2000000476837158,1.1200000047683716,1.1399999856948853,84200.0
2024-11-14 14:30:00,1.149999976158142,1.190000057220459,1.1399999856948853,1.149999976158142,31800.0
2024-11-15 14:30:00,1.1299999952316284,1.1799999475479126,1.1299999952316284,1.1799999475479126,41200.0
2024-11-18 14:30:00,1.1699999570846558,1.2300000190734863,1.1699999570846558,1.190000057220459,23500.0
2024-11-19 14:30:00,1.2100000381469727,1.25,1.149999976158142,1.2100000381469727,50600.0
2024-11-20 14:30:00,1.1799999475479126,1.25,1.1799999475479126,1.2400000095367432,16900.0
2024-11-21 14:30:00,1.2200000286102295,1.2699999809265137,1.149999976158142,1.149999976158142,55400.0
2024-11-22 14:30:00,1.1699999570846558,1.2100000381469727,1.149999976158142,1.149999976158142,75200.0
2024-11-25 14:30:00,1.190000057220459,1.2000000476837158,1.149999976158142,1.159999966621399,69900.0
2024-11-26 14:30:00,1.1699999570846558,1.190000057220459,1.1399999856948853,1.1399999856948853,48100.0
2024-11-27 14:30:00,1.149999976158142,1.2000000476837158,1.149999976158142,1.159999966621399,23300.0
2024-11-29 14:30:00,1.159999966621399,1.2000000476837158,1.149999976158142,1.159999966621399,23400.0
2024-12-02 14:30:00,1.149999976158142,1.2089999914169312,1.149999976158142,1.190000057220459,37800.0
2024-12-03 14:30:00,1.2000000476837158,1.225000023841858,1.1799999475479126,1.190000057220459,72800.0
2024-12-04 14:30:00,1.2000000476837158,1.2000000476837158,1.1799999475479126,1.190000057220459,20800.0
2024-12-05 14:30:00,1.190000057220459,1.2000000476837158,1.1299999952316284,1.1799999475479126,129500.0
2024-12-06 14:30:00,1.190000057220459,1.2000000476837158,1.149999976158142,1.190000057220459,57500.0
2024-12-09 14:30:00,1.2000000476837158,1.2100000381469727,1.190000057220459,1.1950000524520874,396800.0
2024-12-10 14:30:00,1.2200000286102295,1.2999999523162842,1.149999976158142,1.2599999904632568,946600.0
2024-12-11 14:30:00,1.2599999904632568,1.2599999904632568,1.1299999952316284,1.1399999856948853,316100.0
2024-12-12 14:30:00,1.1299999952316284,1.159999966621399,1.0499999523162842,1.100000023841858,159400.0
2024-12-13 14:30:00,1.090000033378601,1.1150000095367432,1.059999942779541,1.0800000429153442,123300.0
2024-12-16 14:30:00,1.0800000429153442,1.0980000495910645,1.0149999856948853,1.0499999523162842,191500.0
2024-12-17 14:30:00,1.0399999618530273,1.1299999952316284,1.0399999618530273,1.0800000429153442,74800.0
2024-12-18 14:30:00,1.090000033378601,1.090000033378601,1.0399999618530273,1.0800000429153442,141100.0
2024-12-19 14:30:00,1.059999942779541,1.0800000429153442,1.0299999713897705,1.0700000524520874,125600.0
2024-12-20 14:30:00,1.0800000429153442,1.0800000429153442,1.0299999713897705,1.0800000429153442,81500.0
2024-12-23 14:30:00,1.0700000524520874,1.1200000047683716,1.0499999523162842,1.100000023841858,96400.0
2024-12-24 14:30:00,1.0800000429153442,1.100000023841858,1.0499999523162842,1.0800000429153442,63300.0
2024-12-26 14:30:00,1.0800000429153442,1.1399999856948853,1.0299999713897705,1.1100000143051147,88900.0
2024-12-27 14:30:00,1.1200000047683716,1.149999976158142,1.0800000429153442,1.1200000047683716,109600.0
2024-12-30 14:30:00,1.0700000524520874,1.0989999771118164,1.0700000524520874,1.0700000524520874,65600.0
2024-12-31 14:30:00,1.0800000429153442,1.190000057220459,1.0800000429153442,1.1200000047683716,163000.0
2025-01-02 14:30:00,1.1200000047683716,1.1299999952316284,1.0800000429153442,1.100000023841858,49800.0
2025-01-03 14:30:00,1.090000033378601,1.1200000047683716,1.090000033378601,1.100000023841858,43600.0
2025-01-06 14:30:00,1.1299999952316284,1.1799999475479126,1.100000023841858,1.149999976158142,142200.0
2025-01-07 14:30:00,1.1100000143051147,1.1699999570846558,1.1100000143051147,1.1299999952316284,19300.0
2025-01-08 14:30:00,1.159999966621399,1.159999966621399,1.1200000047683716,1.1399999856948853,24100.0
2025-01-10 14:30:00,1.1200000047683716,1.149999976158142,1.1100000143051147,1.1299999952316284,29200.0
2025-01-13 14:30:00,1.100000023841858,1.1200000047683716,1.090000033378601,1.1100000143051147,74100.0
2025-01-14 14:30:00,1.1299999952316284,1.1299999952316284,1.090000033378601,1.090000033378601,41700.0
2025-01-15 14:30:00,1.100000023841858,1.100000023841858,1.0800000429153442,1.090000033378601,34200.0
2025-01-16 14:30:00,1.0800000429153442,1.1200000047683716,1.0700000524520874,1.0800000429153442,34300.0
2025-01-17 14:30:00,1.1200000047683716,1.1200000047683716,1.065000057220459,1.1100000143051147,24500.0
2025-01-21 14:30:00,1.0700000524520874,1.1200000047683716,1.0700000524520874,1.100000023841858,26600.0
2025-01-22 14:30:00,1.100000023841858,1.1299999952316284,1.090000033378601,1.1100000143051147,36600.0
2025-01-23 14:30:00,1.090000033378601,1.1169999837875366,1.090000033378601,1.090000033378601,2600.0
2025-01-24 14:30:00,1.0700000524520874,1.1100000143051147,1.0700000524520874,1.100000023841858,24800.0
2025-01-27 14:30:00,1.090000033378601,1.1380000114440918,1.0800000429153442,1.090000033378601,33600.0
2025-01-28 14:30:00,1.100000023841858,1.100000023841858,1.090000033378601,1.100000023841858,12600.0
2025-01-29 14:30:00,1.100000023841858,1.1150000095367432,1.100000023841858,1.1100000143051147,31000.0
2025-01-30 14:30:00,1.0800000429153442,1.1200000047683716,1.0800000429153442,1.0800000429153442,11600.0
2025-01-31 14:30:00,1.0800000429153442,1.1200000047683716,1.0800000429153442,1.1100000143051147,22000.0
2025-02-03 14:30:00,1.090000033378601,1.1399999856948853,1.059999942779541,1.100000023841858,118000.0
2025-02-04 14:30:00,1.100000023841858,1.100000023841858,1.059999942779541,1.065000057220459,47600.0
2025-02-05 14:30:00,1.0800000429153442,1.090000033378601,1.0499999523162842,1.059999942779541,23000.0
2025-02-06 14:30:00,1.059999942779541,1.0800000429153442,1.0399999618530273,1.0800000429153442,50200.0
2025-02-07 14:30:00,1.059999942779541,1.0800000429153442,1.0199999809265137,1.0299999713897705,37600.0
2025-02-10 14:30:00,1.0099999904632568,1.0399999618530273,1.0,1.0,43900.0
2025-02-11 14:30:00,1.0,1.0399999618530273,1.0,1.0199999809265137,63400.0
2025-02-12 14:30:00,1.0099999904632568,1.0399999618530273,1.0099999904632568,1.0199999809265137,11400.0
2025-02-13 14:30:00,1.0199999809265137,1.0399999618530273,0.949999988079071,1.0099999904632568,110300.0
2025-02-14 14:30:00,1.0099999904632568,1.0499999523162842,1.0099999904632568,1.024999976158142,35700.0
2025-02-18 14:30:00,0.9980000257492065,1.0499999523162842,0.949999988079071,1.0299999713897705,90700.0
2025-02-19 14:30:00,1.0299999713897705,1.0399999618530273,1.0099999904632568,1.0210000276565552,67400.0
2025-02-20 14:30:00,1.0199999809265137,1.0299999713897705,0.9739999771118164,0.9800000190734863,217000.0
2025-02-21 14:30:00,1.0,1.0099999904632568,0.9409999847412109,0.9900000095367432,86100.0
2025-02-24 14:30:00,0.9599999785423279,0.9700000286102295,0.8999999761581421,0.9300000071525574,195000.0
2025-02-25 14:30:00,0.9100000262260437,0.9639999866485596,0.8799999952316284,0.9079999923706055,135600.0
2025-02-26 14:30:00,0.8809999823570251,0.9300000071525574,0.8600000143051147,0.9200000166893005,96100.0
2025-02-27 14:30:00,0.9200000166893005,0.9200000166893005,0.8799999952316284,0.8799999952316284,33200.0
2025-02-28 14:30:00,0.8700000047683716,0.8799999952316284,0.8399999737739563,0.871999979019165,31100.0
2025-03-03 14:30:00,0.8799999952316284,0.9100000262260437,0.8299999833106995,0.8600000143051147,137500.0
2025-03-04 14:30:00,0.8299999833106995,0.8399999737739563,0.8140000104904175,0.8309999704360962,38500.0
2025-03-05 14:30:00,0.8169999718666077,0.8700000047683716,0.8169999718666077,0.8700000047683716,22000.0
2025-03-06 14:30:00,0.8579999804496765,0.8799999952316284,0.8399999737739563,0.8399999737739563,25900.0
2025-03-07 14:30:00,0.8799999952316284,0.8840000033378601,0.8399999737739563,0.8690000176429749,15300.0
2025-03-10 13:30:00,0.8399999737739563,0.9120000004768372,0.7609999775886536,0.8299999833106995,98700.0
2025-03-11 13:30:00,0.8050000071525574,0.8370000123977661,0.7789999842643738,0.7900000214576721,24900.0
2025-03-12 13:30:00,0.7799999713897705,0.8109999895095825,0.7599999904632568,0.7699999809265137,31200.0
2025-03-13 13:30:00,0.75,0.7699999809265137,0.7300000190734863,0.7300000190734863,41600.0
2025-03-14 13:30:00,0.7099999785423279,0.7300000190734863,0.7080000042915344,0.7210000157356262,26000.0
2025-03-17 13:30:00,0.7210000157356262,0.75,0.6460000276565552,0.6859999895095825,133900.0
2025-03-18 13:30:00,0.699999988079071,0.7770000100135803,0.699999988079071,0.75,39300.0
2025-03-19 13:30:00,0.7300000190734863,0.8339999914169312,0.718999981880188,0.8299999833106995,65200.0
2025-03-20 13:30:00,0.8299999833106995,0.843999981880188,0.800000011920929,0.800000011920929,28300.0
2025-03-21 13:30:00,0.800000011920929,0.8339999914169312,0.800000011920929,0.800000011920929,20900.0
2025-03-24 13:30:00,0.800000011920929,0.8399999737739563,0.800000011920929,0.8370000123977661,22300.0
2025-03-25 13:30:00,0.800000011920929,0.8199999928474426,0.800000011920929,0.8009999990463257,10800.0
2025-03-26 13:30:00,0.8100000023841858,0.8100000023841858,0.7599999904632568,0.7919999957084656,12500.0
2025-03-27 13:30:00,0.7599999904632568,0.8220000267028809,0.7599999904632568,0.7799999713897705,18100.0
2025-03-28 13:30:00,0.7540000081062317,0.8199999928474426,0.7509999871253967,0.7900000214576721,37600.0
2025-03-31 13:30:00,0.7889999747276306,0.8100000023841858,0.7319999933242798,0.7699999809265137,74700.0
2025-04-01 13:30:00,0.7549999952316284,0.8100000023841858,0.7200000286102295,0.7480000257492065,35800.0
2025-04-02 13:30:00,0.75,0.8199999928474426,0.7200000286102295,0.7699999809265137,15800.0
2025-04-03 13:30:00,0.800000011920929,0.8190000057220459,0.7200000286102295,0.7400000095367432,64300.0
2025-04-04 13:30:00,0.7300000190734863,0.7699999809265137,0.6759999990463257,0.7599999904632568,110100.0
2025-04-07 13:30:00,0.6970000267028809,0.75,0.6600000262260437,0.6700000166893005,54800.0
2025-04-08 13:30:00,0.75,0.7699999809265137,0.5509999990463257,0.6079999804496765,107900.0
2025-04-09 13:30:00,0.609000027179718,0.7360000014305115,0.6010000109672546,0.699999988079071,39500.0
2025-04-10 13:30:00,0.6690000295639038,0.7400000095367432,0.6499999761581421,0.6600000262260437,95800.0
2025-04-11 13:30:00,0.6899999976158142,0.800000011920929,0.6499999761581421,0.7400000095367432,443400.0
2025-04-14 13:30:00,0.7179999947547913,0.7799999713897705,0.7179999947547913,0.7300000190734863,8200.0
2025-04-15 13:30:00,0.7099999785423279,0.7599999904632568,0.7099999785423279,0.7200000286102295,133700.0
2025-04-16 13:30:00,0.7149999737739563,0.75,0.7099999785423279,0.75,16400.0
2025-04-17 13:30:00,0.7160000205039978,0.7850000262260437,0.7160000205039978,0.7400000095367432,20600.0
2025-04-21 13:30:00,0.7300000190734863,0.7799999713897705,0.7300000190734863,0.7699999809265137,55100.0
2025-04-22 13:30:00,0.7850000262260437,0.7900000214576721,0.7699999809265137,0.7699999809265137,3200.0
2025-04-23 13:30:00,0.7799999713897705,0.800000011920929,0.7699999809265137,0.7940000295639038,15400.0
2025-04-24 13:30:00,0.7950000166893005,0.8040000200271606,0.7799999713897705,0.7950000166893005,11200.0
2025-04-25 13:30:00,0.8050000071525574,0.8299999833106995,0.7900000214576721,0.8299999833106995,19700.0
2025-04-28 13:30:00,0.7950000166893005,0.8199999928474426,0.7730000019073486,0.7879999876022339,12100.0
2025-04-29 13:30:00,0.8100000023841858,0.8399999737739563,0.7699999809265137,0.8399999737739563,71600.0
2025-04-30 13:30:00,0.7730000019073486,0.8389999866485596,0.7699999809265137,0.7940000295639038,10500.0
2025-05-01 13:30:00,0.8299999833106995,0.8299999833106995,0.7799999713897705,0.7799999713897705,8400.0
2025-05-02 13:30:00,0.7699999809265137,0.800000011920929,0.7699999809265137,0.7929999828338623,6300.0
2025-05-05 13:30:00,0.7919999957084656,0.8100000023841858,0.7699999809265137,0.7739999890327454,25900.0
2025-05-06 13:30:00,0.8090000152587891,0.8090000152587891,0.7699999809265137,0.7699999809265137,16500.0
2025-05-07 13:30:00,0.7799999713897705,0.7799999713897705,0.7229999899864197,0.7319999933242798,58300.0
2025-05-08 13:30:00,0.7599999904632568,0.7599999904632568,0.722000002861023,0.7300000190734863,8400.0
2025-05-09 13:30:00,0.6990000009536743,0.75,0.6990000009536743,0.7099999785423279,16300.0
2025-05-12 13:30:00,0.7400000095367432,0.7940000295639038,0.7200000286102295,0.7200000286102295,40900.0
2025-05-13 13:30:00,0.7200000286102295,0.7860000133514404,0.7200000286102295,0.7720000147819519,29600.0
2025-05-14 13:30:00,0.765999972820282,0.7990000247955322,0.765999972820282,0.765999972820282,3800.0
2025-05-15 13:30:00,0.7400000095367432,0.7900000214576721,0.7250000238418579,0.7850000262260437,7700.0
2025-05-16 13:30:00,0.7839999794960022,0.7910000085830688,0.7120000123977661,0.7739999890327454,64900.0
2025-05-19 13:30:00,0.7509999871253967,0.7739999890327454,0.7149999737739563,0.7200000286102295,14000.0
2025-05-20 13:30:00,0.7570000290870667,0.7699999809265137,0.7099999785423279,0.7099999785423279,20600.0
2025-05-21 13:30:00,0.7419999837875366,0.75,0.7200000286102295,0.7200000286102295,9000.0
2025-05-22 13:30:00,0.7099999785423279,0.7400000095367432,0.699999988079071,0.7099999785423279,6200.0
2025-05-23 13:30:00,0.7099999785423279,0.75,0.7099999785423279,0.7300000190734863,5600.0
2025-05-27 13:30:00,0.7300000190734863,0.7549999952316284,0.7300000190734863,0.7350000143051147,10700.0
2025-05-28 13:30:00,0.7300000190734863,0.7580000162124634,0.7300000190734863,0.7400000095367432,16100.0
2025-05-29 13:30:00,0.7400000095367432,0.7450000047683716,0.7400000095367432,0.7400000095367432,4200.0
2025-05-30 13:30:00,0.7400000095367432,0.75,0.7400000095367432,0.7419999837875366,15200.0
2025-06-02 13:30:00,0.7400000095367432,0.7549999952316284,0.7400000095367432,0.75,4200.0
2025-06-03 13:30:00,0.7400000095367432,0.7590000033378601,0.7400000095367432,0.7400000095367432,5900.0
2025-06-04 13:30:00,0.7799999713897705,0.800000011920929,0.7400000095367432,0.7580000162124634,16900.0
2025-06-05 13:30:00,0.75,0.7770000100135803,0.75,0.7770000100135803,15000.0
2025-06-06 13:30:00,0.7609999775886536,0.800000011920929,0.75,0.7799999713897705,35900.0
2025-06-09 13:30:00,0.8199999928474426,0.9390000104904175,0.7850000262260437,0.8130000233650208,1954700.0
2025-06-10 13:30:00,0.8399999737739563,0.8849999904632568,0.8100000023841858,0.8339999914169312,130800.0
2025-06-11 13:30:00,0.8690000176429749,0.8700000047683716,0.7900000214576721,0.8489999771118164,123800.0
2025-06-12 13:30:00,0.8600000143051147,0.8759999871253967,0.8100000023841858,0.8100000023841858,156100.0
2025-06-13 13:30:00,0.8799999952316284,0.8799999952316284,0.800000011920929,0.8399999737739563,430900.0
2025-06-16 13:30:00,0.8199999928474426,0.8500000238418579,0.7720000147819519,0.8190000057220459,149600.0
2025-06-17 13:30:00,0.8080000281333923,0.8759999871253967,0.7900000214576721,0.8190000057220459,86500.0
2025-06-18 13:30:00,0.8600000143051147,0.8690000176429749,0.7879999876022339,0.8100000023841858,27400.0
2025-06-20 13:30:00,0.7839999794960022,0.7839999794960022,0.7400000095367432,0.7400000095367432,145200.0
2025-06-23 13:30:00,0.7400000095367432,0.7799999713897705,0.699999988079071,0.7049999833106995,71600.0
2025-06-24 13:30:00,0.6840000152587891,0.7279999852180481,0.6790000200271606,0.6980000138282776,122700.0
2025-06-25 13:30:00,0.6769999861717224,0.6980000138282776,0.6600000262260437,0.6700000166893005,29500.0
2025-06-26 13:30:00,0.6880000233650208,0.7350000143051147,0.6710000038146973,0.699999988079071,96500.0
2025-06-27 13:30:00,0.6800000071525574,0.7200000286102295,0.6800000071525574,0.6990000009536743,40300.0
2025-06-30 13:30:00,0.6629999876022339,0.75,0.6600000262260437,0.7200000286102295,137700.0
2025-07-01 13:30:00,0.7110000252723694,0.8799999952316284,0.7110000252723694,0.8740000128746033,347500.0
2025-07-02 13:30:00,0.8799999952316284,1.0499999523162842,0.7799999713897705,1.0299999713897705,580800.0
2025-07-03 13:30:00,1.0299999713897705,1.100000023841858,1.0099999904632568,1.0700000524520874,215600.0
2025-07-07 13:30:00,1.0499999523162842,1.0700000524520874,1.0099999904632568,1.0399999618530273,271900.0
2025-07-08 13:30:00,1.0499999523162842,1.059999942779541,0.9900000095367432,1.0199999809265137,199900.0
2025-07-09 13:30:00,1.059999942779541,1.100000023841858,1.0199999809265137,1.0800000429153442,413200.0
2025-07-10 13:30:00,1.0499999523162842,1.0499999523162842,1.0099999904632568,1.0299999713897705,229300.0
2025-07-11 13:30:00,1.0199999809265137,1.090000033378601,1.0099999904632568,1.059999942779541,524200.0
2025-07-14 13:30:00,1.0499999523162842,1.090000033378601,1.0499999523162842,1.0700000524520874,154100.0
2025-07-15 13:30:00,1.0800000429153442,1.4800000190734863,1.0800000429153442,1.2300000190734863,2829400.0
2025-07-16 13:30:00,1.350000023841858,1.6950000524520874,1.2599999904632568,1.6200000047683716,2380000.0
2025-07-17 13:30:00,1.690000057220459,1.8799999952316284,1.2200000286102295,1.5,1617100.0
2025-07-18 13:30:00,1.6399999856948853,1.7200000286102295,1.4700000286102295,1.6699999570846558,775500.0
2025-07-21 13:30:00,1.659999966621399,1.850000023841858,1.5700000524520874,1.809999942779541,852900.0
2025-07-22 13:30:00,1.7999999523162842,1.850000023841858,1.6699999570846558,1.7200000286102295,275600.0
2025-07-23 13:30:00,1.7100000381469727,2.049999952316284,1.7100000381469727,1.9600000381469727,866400.0
2025-07-24 13:30:00,1.940000057220459,2.1500000953674316,1.8849999904632568,1.9800000190734863,518200.0
2025-07-25 13:30:00,1.9299999475479126,2.0999999046325684,1.8799999952316284,2.049999952316284,214700.0
2025-07-28 13:30:00,2.0999999046325684,2.130000114440918,1.9900000095367432,2.0399999618530273,145300.0
2025-07-29 13:30:00,2.0399999618530273,2.0899999141693115,1.7400000095367432,1.7699999809265137,308500.0
2025-07-30 13:30:00,1.909999966621399,1.9700000286102295,1.5399999618530273,1.6799999475479126,333700.0
2025-07-31 13:30:00,1.7100000381469727,1.7799999713897705,1.649999976158142,1.7000000476837158,143600.0
2025-08-01 13:30:00,1.7020000219345093,1.7699999809265137,1.600000023841858,1.6699999570846558,130900.0
2025-08-04 13:30:00,1.7200000286102295,1.899999976158142,1.715999960899353,1.8899999856948853,141100.0
2025-08-05 13:30:00,1.850000023841858,2.049999952316284,1.850000023841858,1.8600000143051147,186400.0
2025-08-06 13:30:00,2.009999990463257,2.009999990463257,1.8799999952316284,1.9600000381469727,207400.0
2025-08-07 13:30:00,1.9600000381469727,1.9800000190734863,1.7200000286102295,1.7200000286102295,105100.0
2025-08-08 13:30:00,1.7300000190734863,1.8070000410079956,1.7300000190734863,1.7599999904632568,74400.0
2025-08-11 13:30:00,1.7699999809265137,1.9199999570846558,1.6200000047683716,1.7899999618530273,130800.0
2025-08-12 13:30:00,1.7699999809265137,1.8799999952316284,1.7009999752044678,1.850000023841858,116700.0
2025-08-13 13:30:00,1.8899999856948853,2.0480000972747803,1.8170000314712524,1.9900000095367432,426800.0
2025-08-14 13:30:00,1.9700000286102295,2.0199999809265137,1.8339999914169312,2.0,144600.0
2025-08-15 13:30:00,1.9800000190734863,2.059999942779541,1.9199999570846558,1.9299999475479126,101000.0
2025-08-18 13:30:00,1.9199999570846558,2.0399999618530273,1.850000023841858,1.909999966621399,87000.0
2025-08-19 13:30:00,1.899999976158142,1.940000057220459,1.75,1.840000033378601,109600.0
2025-08-20 13:30:00,1.8799999952316284,1.8799999952316284,1.7000000476837158,1.7999999523162842,86200.0
2025-08-21 13:30:00,1.7999999523162842,1.850000023841858,1.7300000190734863,1.7400000095367432,121700.0
2025-08-22 13:30:00,1.6799999475479126,1.9049999713897705,1.6799999475479126,1.8200000524520874,245200.0
2025-08-25 13:30:00,1.850000023841858,2.0179998874664307,1.8200000524520874,1.840000033378601,187500.0
2025-08-26 13:30:00,1.850000023841858,1.9600000381469727,1.8300000429153442,1.8799999952316284,52700.0
2025-08-27 13:30:00,1.899999976158142,1.9500000476837158,1.7999999523162842,1.899999976158142,219700.0
2025-08-28 13:30:00,1.899999976158142,1.9600000381469727,1.840000033378601,1.8700000047683716,75900.0
2025-08-29 13:30:00,1.899999976158142,1.9249999523162842,1.75,1.840000033378601,136800.0
2025-09-02 13:30:00,1.8700000047683716,1.8899999856948853,1.75,1.8300000429153442,107700.0
2025-09-03 13:30:00,1.7899999618530273,1.8799999952316284,1.7599999904632568,1.7599999904632568,108300.0
2025-09-04 13:30:00,1.8200000524520874,1.850000023841858,1.649999976158142,1.6799999475479126,174300.0
2025-09-05 13:30:00,1.6799999475479126,1.7599999904632568,1.6299999952316284,1.690000057220459,327400.0
2025-09-08 13:30:00,1.6299999952316284,1.850000023841858,1.6299999952316284,1.7699999809265137,151900.0
2025-09-09 13:30:00,1.7699999809265137,1.8799999952316284,1.7000000476837158,1.75,92400.0
2025-09-10 13:30:00,1.75,1.8600000143051147,1.75,1.7699999809265137,158000.0
2025-09-11 13:30:00,1.899999976158142,2.049999952316284,1.7699999809265137,2.049999952316284,774000.0
2025-09-12 13:30:00,2.0999999046325684,2.380000114440918,2.0,2.049999952316284,626700.0
2025-09-15 13:30:00,2.059999942779541,2.0899999141693115,1.8200000524520874,1.8700000047683716,285800.0
2025-09-16 13:30:00,1.8300000429153442,2.299999952316284,1.8300000429153442,2.0799999237060547,559700.0
2025-09-17 13:30:00,2.069999933242798,2.1519999504089355,1.840000033378601,1.9500000476837158,306700.0
2025-09-18 13:30:00,2.0399999618530273,2.4000000953674316,1.9600000381469727,2.2200000286102295,1153400.0
2025-09-19 13:30:00,2.259999990463257,2.369999885559082,1.75,1.8200000524520874,1899200.0
2025-09-22 13:30:00,1.9199999570846558,1.940000057220459,1.5199999809265137,1.6100000143051147,1042000.0
2025-09-23 13:30:00,1.6299999952316284,1.6890000104904175,1.309999942779541,1.440000057220459,896800.0
2025-09-24 13:30:00,1.4600000381469727,1.5800000429153442,1.309999942779541,1.5,315300.0
2025-09-25 13:30:00,1.5,1.5399999618530273,1.4420000314712524,1.5,198800.0
2025-09-26 13:30:00,1.5199999809265137,1.5399999618530273,1.340000033378601,1.5,228400.0
2025-09-29 13:30:00,1.4500000476837158,1.5,1.340000033378601,1.4500000476837158,252700.0
2025-09-30 13:30:00,1.409999966621399,1.5199999809265137,1.3799999952316284,1.4299999475479126,146300.0
2025-10-01 13:30:00,1.399999976158142,1.4500000476837158,1.340000033378601,1.3700000047683716,225100.0
2025-10-02 13:30:00,1.350000023841858,1.5399999618530273,1.343999981880188,1.5299999713897705,527100.0
2025-10-03 13:30:00,1.4800000190734863,1.5230000019073486,1.399999976158142,1.4600000381469727,292800.0
2025-10-06 13:30:00,1.4199999570846558,1.5149999856948853,1.399999976158142,1.440000057220459,139100.0
2025-10-07 13:30:00,1.440000057220459,1.4600000381469727,1.3799999952316284,1.4500000476837158,151000.0
2025-10-08 13:30:00,1.4800000190734863,1.4900000095367432,1.340000033378601,1.3700000047683716,144000.0
2025-10-09 13:30:00,1.3700000047683716,1.440000057220459,1.3600000143051147,1.3799999952316284,225300.0
2025-10-10 13:30:00,1.3600000143051147,1.399999976158142,1.2400000095367432,1.2599999904632568,198500.0
2025-10-13 13:30:00,1.2699999809265137,1.3200000524520874,1.2400000095367432,1.2699999809265137,93800.0
2025-10-14 13:30:00,1.2100000381469727,1.2899999618530273,1.1799999475479126,1.2200000286102295,130300.0
2025-10-15 13:30:00,1.2100000381469727,1.2100000381469727,1.100000023841858,1.149999976158142,167200.0
2025-10-16 13:30:00,1.159999966621399,1.1799999475479126,1.100000023841858,1.1200000047683716,138500.0
2025-10-17 13:30:00,1.090000033378601,1.149999976158142,1.0499999523162842,1.1299999952316284,225200.0
2025-10-20 13:30:00,1.1100000143051147,1.2000000476837158,1.1100000143051147,1.1699999570846558,170200.0
2025-10-21 13:30:00,1.1699999570846558,1.2400000095367432,1.1399999856948853,1.2300000190734863,137400.0
2025-10-22 13:30:00,1.1799999475479126,1.25,1.1200000047683716,1.159999966621399,204100.0
2025-10-23 13:30:00,1.2000000476837158,1.350000023841858,1.2000000476837158,1.309999942779541,218300.0
2025-10-24 13:30:00,1.3200000524520874,1.350000023841858,1.25,1.3300000429153442,148700.0
2025-10-27 13:30:00,1.309999942779541,1.3899999856948853,1.2999999523162842,1.350000023841858,162700.0
2025-10-28 13:30:00,1.340000033378601,1.3799999952316284,1.2999999523162842,1.350000023841858,146500.0
2025-10-29 13:30:00,1.340000033378601,1.4049999713897705,1.340000033378601,1.3700000047683716,94000.0
2025-10-30 13:30:00,1.3899999856948853,1.399999976158142,1.3799999952316284,1.3899999856948853,45600.0
2025-10-31 13:30:00,1.3799999952316284,1.399999976158142,1.2999999523162842,1.309999942779541,79600.0
2025-11-03 14:30:00,1.3300000429153442,1.340000033378601,1.2200000286102295,1.2999999523162842,92400.0
2025-11-04 14:30:00,1.2699999809265137,1.2799999713897705,1.2000000476837158,1.2000000476837158,60300.0
2025-11-05 14:30:00,1.2000000476837158,1.2599999904632568,1.2000000476837158,1.25,73800.0
2025-11-06 14:30:00,1.2300000190734863,1.2799999713897705,1.2000000476837158,1.2300000190734863,35700.0
2025-11-07 14:30:00,1.2300000190734863,1.2699999809265137,1.2100000381469727,1.2300000190734863,51600.0
2025-11-10 14:30:00,1.2300000190734863,1.5,1.2300000190734863,1.4600000381469727,178700.0
2025-11-11 14:30:00,1.4600000381469727,1.4600000381469727,1.2999999523162842,1.340000033378601,146700.0
2025-11-12 14:30:00,1.350000023841858,1.4299999475479126,1.2999999523162842,1.399999976158142,79300.0
2025-11-13 14:30:00,1.409999966621399,1.409999966621399,1.350000023841858,1.350000023841858,67200.0
2025-11-14 14:30:00,1.3200000524520874,1.3799999952316284,1.2799999713897705,1.350000023841858,27300.0
2025-11-17 14:30:00,1.3200000524520874,1.3899999856948853,1.3170000314712524,1.340000033378601,93900.0
2025-11-18 14:30:00,1.340000033378601,1.375,1.309999942779541,1.3300000429153442,35500.0
2025-11-19 14:30:00,1.3200000524520874,1.3300000429153442,1.2999999523162842,1.2999999523162842,39300.0
2025-11-20 14:30:00,1.2999999523162842,1.3700000047683716,1.2300000190734863,1.25,35500.0
2025-11-21 14:30:00,1.2400000095367432,1.274999976158142,1.2300000190734863,1.2300000190734863,13900.0
2025-11-24 14:30:00,1.25,1.3519999980926514,1.2400000095367432,1.350000023841858,61700.0
2025-11-25 14:30:00,1.3300000429153442,1.3350000381469727,1.2599999904632568,1.2999999523162842,84700.0
2025-11-26 14:30:00,1.2999999523162842,1.3530000448226929,1.2899999618530273,1.3200000524520874,28200.0
2025-11-28 14:30:00,1.309999942779541,1.340000033378601,1.2999999523162842,1.309999942779541,12300.0
2025-12-01 14:30:00,1.2999999523162842,1.309999942779541,1.25,1.25,47100.0
2025-12-02 14:30:00,1.25,1.3700000047683716,1.25,1.3170000314712524,98300.0
2025-12-03 14:30:00,1.3200000524520874,1.4600000381469727,1.2999999523162842,1.4470000267028809,107100.0
2025-12-04 14:30:00,1.409999966621399,1.600000023841858,1.350000023841858,1.600000023841858,278500.0
2025-12-05 14:30:00,1.5499999523162842,1.5499999523162842,1.25,1.2599999904632568,301600.0
2025-12-08 14:30:00,1.25,1.3600000143051147,1.2000000476837158,1.2000000476837158,183900.0
2025-12-09 14:30:00,1.2400000095367432,1.350000023841858,1.2130000591278076,1.2899999618530273,109100.0
2025-12-10 14:30:00,1.2599999904632568,1.315000057220459,1.2599999904632568,1.2799999713897705,66600.0
2025-12-11 14:30:00,1.2999999523162842,1.3020000457763672,1.2599999904632568,1.2699999809265137,65000.0
2025-12-12 14:30:00,1.2599999904632568,1.2799999713897705,1.2599999904632568,1.2699999809265137,62700.0
2025-12-15 14:30:00,1.2699999809265137,1.309999942779541,1.25,1.309999942779541,82200.0
2025-12-16 14:30:00,1.2899999618530273,1.340000033378601,1.2649999856948853,1.2999999523162842,41700.0
2025-12-17 14:30:00,1.2899999618530273,1.340000033378601,1.2599999904632568,1.3300000429153442,91100.0
2025-12-18 14:30:00,1.3200000524520874,1.4299999475479126,1.3200000524520874,1.409999966621399,58200.0
2025-12-19 14:30:00,1.399999976158142,1.4199999570846558,1.350000023841858,1.3899999856948853,63100.0
2025-12-22 14:30:00,1.3899999856948853,1.4199999570846558,1.3300000429153442,1.340000033378601,48400.0
2025-12-23 14:30:00,1.3300000429153442,1.3600000143051147,1.3300000429153442,1.3300000429153442,10700.0
2025-12-24 14:30:00,1.3300000429153442,1.340000033378601,1.2999999523162842,1.2999999523162842,51500.0
2025-12-26 14:30:00,1.2999999523162842,1.309999942779541,1.2599999904632568,1.2999999523162842,72800.0
2025-12-29 14:30:00,1.2999999523162842,1.3200000524520874,1.2699999809265137,1.2699999809265137,66700.0
2025-12-30 14:30:00,1.2699999809265137,1.2769999504089355,1.25,1.25,144600.0
2025-12-31 14:30:00,1.25,1.2699999809265137,1.25,1.2599999904632568,68100.0
2026-01-02 14:30:00,1.2599999904632568,1.2599999904632568,1.25,1.25,20200.0
2026-01-05 14:30:00,1.2599999904632568,1.2699999809265137,1.25,1.2599999904632568,51300.0
2026-01-06 14:30:00,1.2599999904632568,1.2699999809265137,1.25,1.2599999904632568,32500.0
2026-01-07 14:30:00,1.25,1.2649999856948853,1.25,1.25,12300.0
2026-01-08 14:30:00,1.25,1.2599999904632568,1.25,1.2599999904632568,22000.0
2026-01-09 14:30:00,1.2599999904632568,1.2599999904632568,1.25,1.25,27700.0
2026-01-12 14:30:00,1.25,1.2649999856948853,1.25,1.2599999904632568,22700.0
2026-01-13 14:30:00,1.2699999809265137,1.2699999809265137,1.25,1.25,58200.0
2026-01-14 14:30:00,1.25,1.2690000534057617,1.25,1.25,7100.0
2026-01-15 14:30:00,1.25,1.2599999904632568,1.25,1.25,28200.0
2026-01-16 14:30:00,1.25,1.2699999809265137,1.25,1.25,107800.0
2026-01-20 14:30:00,1.2699999809265137,1.2699999809265137,1.25,1.2599999904632568,126900.0
2026-01-21 14:30:00,1.2599999904632568,1.2599999904632568,1.25,1.2599999904632568,23100.0
2026-01-22 14:30:00,1.2599999904632568,1.2649999856948853,1.25,1.25,42700.0
2026-01-23 14:30:00,1.2699999809265137,1.2699999809265137,1.25,1.25,28800.0
2026-01-26 14:30:00,1.25,1.2680000066757202,1.2400000095367432,1.2400000095367432,77700.0
2026-01-27 14:30:00,1.2400000095367432,1.25,1.2300000190734863,1.2400000095367432,54900.0
2026-01-28 14:30:00,1.2300000190734863,1.2400000095367432,1.2300000190734863,1.2300000190734863,18400.0
2026-01-29 14:30:00,1.2400000095367432,1.2400000095367432,1.2200000286102295,1.2200000286102295,34700.0
2026-01-30 14:30:00,1.2300000190734863,1.25,1.2100000381469727,1.2230000495910645,31500.0
2026-02-02 14:30:00,1.2200000286102295,1.2269999980926514,1.2000000476837158,1.2050000429153442,44500.0
2026-02-03 14:30:00,1.2100000381469727,1.2100000381469727,1.2000000476837158,1.2000000476837158,15300.0
2026-02-04 14:30:00,1.2000000476837158,1.2020000219345093,1.1699999570846558,1.1799999475479126,68600.0
2026-02-05 14:30:00,1.1699999570846558,1.1959999799728394,1.1699999570846558,1.1799999475479126,31800.0
2026-02-06 14:30:00,1.2000000476837158,1.2200000286102295,1.1699999570846558,1.2200000286102295,159900.0
2026-02-09 14:30:00,1.2200000286102295,1.2699999809265137,1.2100000381469727,1.2699999809265137,89300.0
2026-02-10 14:30:00,1.2799999713897705,1.284000039100647,1.2599999904632568,1.2799999713897705,7000.0
2026-02-11 14:30:00,1.2799999713897705,1.3049999475479126,1.2799999713897705,1.2999999523162842,37200.0
2026-02-12 14:30:00,1.2999999523162842,1.2999999523162842,1.2599999904632568,1.2699999809265137,23600.0
2026-02-13 14:30:00,1.2599999904632568,1.309999942779541,1.2599999904632568,1.309999942779541,9400.0
2026-02-17 14:30:00,1.2999999523162842,1.3200000524520874,1.2899999618530273,1.3200000524520874,24700.0
2026-02-18 14:30:00,1.2999999523162842,1.3799999952316284,1.2999999523162842,1.3799999952316284,11900.0
2026-02-19 14:30:00,1.3899999856948853,1.3899999856948853,1.309999942779541,1.3799999952316284,18300.0
2026-02-20 14:30:00,1.350000023841858,1.3899999856948853,1.340000033378601,1.3799999952316284,19400.0
2026-02-23 14:30:00,1.3700000047683716,1.3799999952316284,1.350000023841858,1.3799999952316284,17400.0
2026-02-24 14:30:00,1.3569999933242798,1.3700000047683716,1.350000023841858,1.3700000047683716,3800.0
2026-02-25 14:30:00,1.399999976158142,1.5499999523162842,1.399999976158142,1.5099999904632568,325400.0
2026-02-26 14:30:00,1.5,1.5199999809265137,1.409999966621399,1.440000057220459,140700.0
2026-02-27 14:30:00,1.4500000476837158,1.4600000381469727,1.409999966621399,1.4199999570846558,94000.0
2026-03-02 14:30:00,1.409999966621399,1.4299999475479126,1.409999966621399,1.4199999570846558,19800.0
2026-03-03 14:30:00,1.409999966621399,1.4299999475479126,1.409999966621399,1.4299999475479126,47100.0
2026-03-04 14:30:00,1.4299999475479126,1.4600000381469727,1.4199999570846558,1.4600000381469727,42800.0
2026-03-05 14:30:00,1.440000057220459,1.4800000190734863,1.440000057220459,1.4800000190734863,23100.0
2026-03-06 14:30:00,1.4900000095367432,1.4900000095367432,1.4199999570846558,1.4299999475479126,31200.0
2026-03-09 13:30:00,1.4199999570846558,1.4800000190734863,1.4199999570846558,1.4800000190734863,14800.0
2026-03-10 13:30:00,1.5,1.5,1.4299999475479126,1.440000057220459,14400.0
2026-03-11 13:30:00,1.4299999475479126,1.4600000381469727,1.4299999475479126,1.4299999475479126,14800.0
2026-03-12 13:30:00,1.4500000476837158,1.4500000476837158,1.4199999570846558,1.4299999475479126,14600.0
2026-03-13 13:30:00,1.4199999570846558,1.4299999475479126,1.4199999570846558,1.4249999523162842,29100.0
2026-03-16 13:30:00,1.4299999475479126,1.5,1.4199999570846558,1.4900000095367432,142600.0
2026-03-17 13:30:00,1.5,1.5199999809265137,1.4600000381469727,1.4600000381469727,74400.0
2026-03-18 13:30:00,1.4600000381469727,1.4800000190734863,1.409999966621399,1.4199999570846558,39300.0
2026-03-19 13:30:00,1.409999966621399,1.465000033378601,1.409999966621399,1.4149999618530273,27400.0
2026-03-20 13:30:00,1.409999966621399,1.409999966621399,1.3300000429153442,1.3300000429153442,46100.0
2026-03-23 13:30:00,1.340000033378601,1.399999976158142,1.340000033378601,1.3700000047683716,15600.0
2026-03-24 13:30:00,1.340000033378601,1.3550000190734863,1.3300000429153442,1.350000023841858,15900.0
2026-03-25 13:30:00,1.340000033378601,1.3700000047683716,1.2999999523162842,1.309999942779541,37100.0
2026-03-26 13:30:00,1.2999999523162842,1.3550000190734863,1.2999999523162842,1.340000033378601,7400.0
2026-03-27 13:30:00,1.309999942779541,1.3300000429153442,1.309999942779541,1.3300000429153442,19800.0
2026-03-30 13:30:00,1.3600000143051147,1.3600000143051147,1.309999942779541,1.3200000524520874,14100.0
2026-03-31 13:30:00,1.340000033378601,1.340000033378601,1.309999942779541,1.3200000524520874,14400.0
2026-04-01 13:30:00,1.3200000524520874,1.3270000219345093,1.2999999523162842,1.309999942779541,48600.0
2026-04-02 13:30:00,1.2799999713897705,1.309999942779541,1.2799999713897705,1.2999999523162842,11400.0
2026-04-06 13:30:00,1.2799999713897705,1.3240000009536743,1.2100000381469727,1.218999981880188,75200.0
2026-04-07 13:30:00,1.2799999713897705,1.2799999713897705,1.2100000381469727,1.2400000095367432,10600.0
2026-04-08 13:30:00,1.2549999952316284,1.3799999952316284,1.2549999952316284,1.350000023841858,117900.0
2026-04-09 13:30:00,1.3600000143051147,1.3799999952316284,1.350000023841858,1.350000023841858,10600.0
2026-04-10 13:30:00,1.3170000314712524,1.350000023841858,1.2699999809265137,1.350000023841858,15000.0
2026-04-13 13:30:00,1.3300000429153442,1.350000023841858,1.2660000324249268,1.340000033378601,16600.0
2026-04-14 13:30:00,1.2599999904632568,1.3300000429153442,1.2300000190734863,1.2999999523162842,25800.0
2026-04-15 13:30:00,1.309999942779541,1.3300000429153442,1.2699999809265137,1.309999942779541,7500.0
2026-04-16 13:30:00,1.3300000429153442,1.3300000429153442,1.2899999618530273,1.3200000524520874,11000.0
2026-04-17 13:30:00,1.3200000524520874,1.340000033378601,1.2999999523162842,1.340000033378601,33500.0
2026-04-20 13:30:00,1.3200000524520874,1.350000023841858,1.3200000524520874,1.340000033378601,9100.0
2026-04-21 13:30:00,1.340000033378601,1.3600000143051147,1.2999999523162842,1.3209999799728394,6300.0
2026-04-22 13:30:00,1.3600000143051147,1.3600000143051147,1.309999942779541,1.350000023841858,6200.0
2026-04-23 13:30:00,1.350000023841858,1.3600000143051147,1.3300000429153442,1.3300000429153442,6600.0
2026-04-24 13:30:00,1.3600000143051147,1.3600000143051147,1.309999942779541,1.350000023841858,18100.0
2026-04-27 13:30:00,1.340000033378601,1.3600000143051147,1.309999942779541,1.340000033378601,6900.0
2026-04-28 13:30:00,1.340000033378601,1.340000033378601,1.3200000524520874,1.3250000476837158,8900.0
2026-04-29 13:30:00,1.309999942779541,1.3300000429153442,1.2999999523162842,1.309999942779541,14400.0
2026-04-30 13:30:00,1.3600000143051147,1.399999976158142,1.309999942779541,1.3300000429153442,37400.0
2026-05-01 13:30:00,1.3040000200271606,1.350000023841858,1.3040000200271606,1.350000023841858,7800.0
2026-05-04 13:30:00,1.3200000524520874,1.340000033378601,1.2999999523162842,1.340000033378601,26700.0
2026-05-05 13:30:00,1.3220000267028809,1.440000057220459,1.3220000267028809,1.4199999570846558,50500.0
2026-05-06 13:30:00,1.399999976158142,1.399999976158142,1.3200000524520874,1.3300000429153442,10100.0
2026-05-07 13:30:00,1.3300000429153442,1.5,1.3250000476837158,1.409999966621399,38600.0
2026-05-08 13:30:00,1.3899999856948853,1.4299999475479126,1.309999942779541,1.3799999952316284,28800.0
2026-05-11 13:30:00,1.3700000047683716,1.409999966621399,1.3109999895095825,1.3200000524520874,32700.0
2026-05-12 13:30:00,1.3200000524520874,1.3600000143051147,1.3200000524520874,1.3300000429153442,26200.0
2026-05-13 13:30:00,1.3200000524520874,1.343999981880188,1.309999942779541,1.3300000429153442,33100.0
2026-05-14 13:30:00,1.350000023841858,1.402999997138977,1.309999942779541,1.350000023841858,16100.0
2026-05-15 13:30:00,1.350000023841858,1.399999976158142,1.3200000524520874,1.3200000524520874,10500.0
2026-05-18 13:30:00,1.3200000524520874,1.3320000171661377,1.3200000524520874,1.3300000429153442,10500.0
2026-05-19 13:30:00,1.3300000429153442,1.3600000143051147,1.309999942779541,1.3300000429153442,21800.0
2026-05-20 13:30:00,1.3300000429153442,1.340000033378601,1.3300000429153442,1.3300000429153442,31000.0
2026-05-21 13:30:00,1.3300000429153442,1.399999976158142,1.3300000429153442,1.3600000143051147,21100.0
2026-05-22 13:30:00,1.3700000047683716,1.399999976158142,1.350000023841858,1.350000023841858,22400.0
2026-05-26 13:30:00,1.3899999856948853,1.3980000019073486,1.3600000143051147,1.3700000047683716,15400.0
2026-05-27 13:30:00,1.3899999856948853,1.399999976158142,1.3519999980926514,1.3600000143051147,17400.0
2026-05-28 13:30:00,1.3899999856948853,1.3899999856948853,1.350000023841858,1.3600000143051147,8300.0
2026-05-29 13:30:00,1.350000023841858,1.36899995803833,1.3300000429153442,1.3350000381469727,24700.0
2026-06-01 13:30:00,1.3600000143051147,1.3600000143051147,1.3200000524520874,1.3200000524520874,23500.0
2026-06-02 13:30:00,1.309999942779541,1.3700000047683716,1.309999942779541,1.309999942779541,4200.0
2026-06-03 13:30:00,1.3300000429153442,1.3300000429153442,1.2999999523162842,1.3049999475479126,28700.0
2026-06-04 13:30:00,1.2999999523162842,1.3250000476837158,1.2999999523162842,1.2999999523162842,16800.0
2026-06-05 13:30:00,1.2699999809265137,1.3600000143051147,1.2699999809265137,1.3389999866485596,277100.0
2026-06-08 13:30:00,1.3300000429153442,1.340000033378601,1.2599999904632568,1.3300000429153442,98400.0
2026-06-09 13:30:00,1.2999999523162842,1.340000033378601,1.2599999904632568,1.2899999618530273,16700.0
2026-06-10 13:30:00,1.2999999523162842,1.350000023841858,1.2799999713897705,1.2999999523162842,9300.0
2026-06-11 13:30:00,1.2999999523162842,1.3300000429153442,1.2899999618530273,1.309999942779541,22800.0
2026-06-12 13:30:00,1.3350000381469727,1.3350000381469727,1.2999999523162842,1.2999999523162842,6900.0
2026-06-15 13:30:00,1.2999999523162842,1.2999999523162842,1.059999942779541,1.1699999570846558,126000.0
2026-06-16 13:30:00,1.149999976158142,1.1749999523162842,1.1299999952316284,1.1449999809265137,34000.0
2026-06-17 13:30:00,1.159999966621399,1.190000057220459,1.1299999952316284,1.1399999856948853,21700.0
2026-06-18 13:30:00,1.1699999570846558,1.225000023841858,1.149999976158142,1.1799999475479126,9800.0
2026-06-22 13:30:00,1.1699999570846558,1.3020000457763672,1.1399999856948853,1.2000000476837158,82500.0
2026-06-23 13:30:00,1.2000000476837158,1.2350000143051147,1.159999966621399,1.190000057220459,13800.0
2026-06-24 13:30:00,1.3200000524520874,1.3200000524520874,0.8199999928474426,0.9649999737739563,554900.0
2026-06-25 13:30:00,0.9879999756813049,1.0499999523162842,0.8799999952316284,0.8799999952316284,64900.0
2026-06-26 13:30:00,0.8799999952316284,0.9800000190734863,0.8299999833106995,0.8299999833106995,110700.0
2026-06-29 13:30:00,0.8299999833106995,0.8700000047683716,0.7799999713897705,0.8500000238418579,145600.0
2026-06-30 13:30:00,0.8700000047683716,0.8980000019073486,0.8100000023841858,0.871999979019165,26400.0
2026-07-01 13:30:00,0.8880000114440918,0.9129999876022339,0.8299999833106995,0.9129999876022339,13000.0
2026-07-02 13:30:00,0.8999999761581421,0.953000009059906,0.8500000238418579,0.9290000200271606,75100.0
2026-07-06 13:30:00,0.9300000071525574,0.9300000071525574,0.8999999761581421,0.9200000166893005,66700.0
2026-07-07 13:30:00,0.9200000166893005,1.0299999713897705,0.8899999856948853,0.9100000262260437,33400.0
2026-07-08 13:30:00,0.9340000152587891,0.9359999895095825,0.8899999856948853,0.8899999856948853,14400.0
2026-07-09 13:30:00,0.9259999990463257,1.0119999647140503,0.8899999856948853,0.9350000023841858,15700.0
2026-07-10 13:30:00,0.9100000262260437,0.9350000023841858,0.8999999761581421,0.9350000023841858,6900.0
2026-07-13 13:30:00,0.9350000023841858,0.9350000023841858,0.8999999761581421,0.9169999957084656,13500.0
2026-07-14 13:30:00,0.9100000262260437,0.9409999847412109,0.9100000262260437,0.9409999847412109,20100.0
2026-07-15 13:30:00,0.996999979019165,0.9990000128746033,0.9100000262260437,0.949999988079071,7800.0
2026-07-16 13:30:00,0.9399999976158142,0.9990000128746033,0.9399999976158142,0.949999988079071,5900.0
2026-07-17 13:30:00,0.9399999976158142,0.9990000128746033,0.9399999976158142,0.968999981880188,6100.0
2026-07-20 13:30:00,0.949999988079071,1.0,0.9399999976158142,1.0,7100.0
2026-07-21 13:30:00,1.0,1.1490000486373901,0.9599999785423279,0.972000002861023,62600.0
2026-07-22 13:30:00,0.9800000190734863,1.0800000429153442,0.9700000286102295,0.9700000286102295,8300.0
2026-07-23 13:30:00,1.0,1.0,0.9700000286102295,0.9700000286102295,7700.0
2026-07-24 13:30:00,0.9700000286102295,0.9700000286102295,0.9599999785423279,0.9599999785423279,3400.0
2026-07-27 13:30:00,0.9700000286102295,0.9750000238418579,0.9599999785423279,0.9649999737739563,6600.0
2026-07-28 13:30:00,0.9599999785423279,1.0,0.9599999785423279,0.9779999852180481,4500.0
2026-07-29 13:30:00,0.9950000047683716,1.0399999618530273,0.949999988079071,0.949999988079071,8200.0
2026-07-30 13:30:00,0.9900000095367432,0.9900000095367432,0.949999988079071,0.949999988079071,4300.0
2026-07-31 13:30:00,0.9800000190734863,0.9900000095367432,0.949999988079071,0.9679999947547913,4500.0
2026-08-03 13:30:00,0.9800000190734863,0.9800000190734863,0.9300000071525574,0.9300000071525574,22400.0
2026-08-04 13:30:00,0.9300000071525574,0.9300000071525574,0.9200000166893005,0.9200000166893005,23600.0
2026-08-05 13:30:00,0.9300000071525574,0.9300000071525574,0.9200000166893005,0.9300000071525574,4400.0
2026-08-06 13:30:00,0.9300000071525574,0.9300000071525574,0.9200000166893005,0.9200000166893005,6400.0
2026-08-07 13:30:00,0.9300000071525574,0.9300000071525574,0.9200000166893005,0.9200000166893005,2300.0
2026-08-10 13:30:00,0.9300000071525574,0.9900000095367432,0.9200000166893005,0.9599999785423279,11500.0
2026-08-11 13:30:00,0.9200000166893005,0.9900000095367432,0.9200000166893005,0.9549999833106995,10400.0
2026-08-12 13:30:00,0.9900000095367432,0.9900000095367432,0.9200000166893005,0.9350000023841858,9600.0
2026-08-13 13:30:00,0.9369999766349792,0.9900000095367432,0.9300000071525574,0.9300000071525574,25200.0
2026-08-14 13:30:00,0.9300000071525574,0.9409999847412109,0.9100000262260437,0.9100000262260437,25700.0
2026-08-17 13:30:00,0.9100000262260437,0.949999988079071,0.9100000262260437,0.9100000262260437,5800.0
2026-08-18 13:30:00,0.9300000071525574,0.9300000071525574,0.9100000262260437,0.9300000071525574,4900.0
2026-08-19 13:30:00,0.9100000262260437,0.9300000071525574,0.8999999761581421,0.9200000166893005,13500.0
2026-08-20 13:30:00,0.8999999761581421,0.906000018119812,0.8999999761581421,0.8999999761581421,13500.0
2026-08-21 13:30:00,0.8899999856948853,0.8999999761581421,0.8799999952316284,0.8899999856948853,6900.0
2026-08-24 13:30:00,0.8799999952316284,0.8899999856948853,0.8769999742507935,0.8899999856948853,25500.0
2026-08-25 13:30:00,0.8799999952316284,0.8870000243186951,0.8700000047683716,0.8700000047683716,2400.0
2026-08-26 13:30:00,0.8700000047683716,0.878000020980835,0.8600000143051147,0.8600000143051147,9000.0
2026-08-27 13:30:00,0.8600000143051147,0.875,0.8399999737739563,0.8550000190734863,19500.0
2026-08-31 13:30:00,0.8600000143051147,0.8799999952316284,0.8600000143051147,0.8700000047683716,4600.0
2026-09-01 13:30:00,0.8500000238418579,0.8640000224113464,0.8500000238418579,0.8500000238418579,1700.0
2026-09-02 13:30:00,0.8500999808311462,0.8600000143051147,0.8500000238418579,0.8500000238418579,8816.0
